33.008  33.939  11.953
33.008  32.941  12.951
32.010  33.939  12.951
33.008  33.939  12.951
34.007  33.939  12.951
33.008  34.938  12.951
34.007  34.938  12.951
35.005  34.938  12.951
35.005  35.936  12.951
35.005  36.934  12.951
35.005  37.933  12.951
36.003  37.933  12.951
33.008  32.941  13.949
34.007  32.941  13.949
32.010  33.939  13.949
33.008  33.939  13.949
34.007  33.939  13.949
35.005  33.939  13.949
32.010  34.938  13.949
33.008  34.938  13.949
34.007  34.938  13.949
35.005  34.938  13.949
36.003  34.938  13.949
33.008  35.936  13.949
34.007  35.936  13.949
35.005  35.936  13.949
36.003  35.936  13.949
34.007  36.934  13.949
35.005  36.934  13.949
36.003  36.934  13.949
34.007  37.933  13.949
35.005  37.933  13.949
36.003  37.933  13.949
37.002  37.933  13.949
35.005  38.931  13.949
36.003  38.931  13.949
37.002  38.931  13.949
33.008  33.939  14.948
34.007  33.939  14.948
33.008  34.938  14.948
34.007  34.938  14.948
35.005  34.938  14.948
33.008  35.936  14.948
34.007  35.936  14.948
35.005  35.936  14.948
34.007  36.934  14.948
35.005  36.934  14.948
36.003  36.934  14.948
35.005  37.933  14.948
36.003  37.933  14.948
37.002  37.933  14.948
35.005  38.931  14.948
36.003  38.931  14.948
37.002  38.931  14.948
38.000  38.931  14.948
36.003  39.929  14.948
37.002  39.929  14.948
34.007  35.936  15.946
35.005  36.934  15.946
35.005  37.933  15.946
36.003  37.933  15.946
37.002  37.933  15.946
35.005  38.931  15.946
36.003  38.931  15.946
37.002  38.931  15.946
38.000  38.931  15.946
36.003  39.929  15.946
37.002  39.929  15.946
35.005  36.934  16.944
34.007  37.933  16.944
35.005  37.933  16.944
36.003  37.933  16.944
35.005  38.931  16.944
36.003  38.931  16.944
37.002  38.931  16.944
36.003  39.929  16.944
36.003  23.956  17.942
34.007  36.934  17.942
33.008  37.933  17.942
34.007  37.933  17.942
35.005  37.933  17.942
34.007  38.931  17.942
36.003  38.931  17.942
36.003  22.958  18.941
37.002  22.958  18.941
35.005  23.956  18.941
36.003  23.956  18.941
37.002  23.956  18.941
36.003  24.954  18.941
30.013  25.953  18.941
33.008  36.934  18.941
32.010  37.933  18.941
33.008  37.933  18.941
34.007  37.933  18.941
33.008  38.931  18.941
33.008  39.929  18.941
37.002  21.959  19.939
36.003  22.958  19.939
37.002  22.958  19.939
38.000  22.958  19.939
36.003  23.956  19.939
37.002  23.956  19.939
38.000  23.956  19.939
30.013  24.954  19.939
31.012  24.954  19.939
37.002  24.954  19.939
29.015  25.953  19.939
30.013  25.953  19.939
31.012  25.953  19.939
29.015  26.951  19.939
30.013  26.951  19.939
33.008  36.934  19.939
32.010  37.933  19.939
33.008  37.933  19.939
34.007  37.933  19.939
32.010  38.931  19.939
33.008  38.931  19.939
34.007  38.931  19.939
32.010  39.929  19.939
33.008  39.929  19.939
34.007  39.929  19.939
33.008  40.928  19.939
37.002  22.958  20.938
31.012  23.956  20.938
36.003  23.956  20.938
37.002  23.956  20.938
38.000  23.956  20.938
30.013  24.954  20.938
31.012  24.954  20.938
32.010  24.954  20.938
36.003  24.954  20.938
37.002  24.954  20.938
29.015  25.953  20.938
30.013  25.953  20.938
31.012  25.953  20.938
28.017  26.951  20.938
29.015  26.951  20.938
30.013  26.951  20.938
31.012  26.951  20.938
29.015  27.949  20.938
30.013  27.949  20.938
33.008  37.933  20.938
33.008  38.931  20.938
33.008  39.929  20.938
31.012  23.956  21.936
32.010  23.956  21.936
36.003  23.956  21.936
37.002  23.956  21.936
31.012  24.954  21.936
32.010  24.954  21.936
35.005  24.954  21.936
36.003  24.954  21.936
37.002  24.954  21.936
29.015  25.953  21.936
30.013  25.953  21.936
31.012  25.953  21.936
36.003  25.953  21.936
28.017  26.951  21.936
29.015  26.951  21.936
30.013  26.951  21.936
31.012  26.951  21.936
32.010  26.951  21.936
35.005  26.951  21.936
29.015  27.949  21.936
30.013  27.949  21.936
31.012  27.949  21.936
31.012  22.958  22.934
32.010  22.958  22.934
30.013  23.956  22.934
31.012  23.956  22.934
32.010  23.956  22.934
33.008  23.956  22.934
36.003  23.956  22.934
30.013  24.954  22.934
31.012  24.954  22.934
32.010  24.954  22.934
33.008  24.954  22.934
34.007  24.954  22.934
35.005  24.954  22.934
36.003  24.954  22.934
37.002  24.954  22.934
29.015  25.953  22.934
30.013  25.953  22.934
31.012  25.953  22.934
32.010  25.953  22.934
35.005  25.953  22.934
36.003  25.953  22.934
37.002  25.953  22.934
29.015  26.951  22.934
30.013  26.951  22.934
31.012  26.951  22.934
32.010  26.951  22.934
33.008  26.951  22.934
34.007  26.951  22.934
35.005  26.951  22.934
36.003  26.951  22.934
30.013  27.949  22.934
31.012  27.949  22.934
32.010  27.949  22.934
35.005  27.949  22.934
31.012  21.959  23.933
32.010  21.959  23.933
30.013  22.958  23.933
31.012  22.958  23.933
32.010  22.958  23.933
33.008  22.958  23.933
29.015  23.956  23.933
30.013  23.956  23.933
31.012  23.956  23.933
32.010  23.956  23.933
33.008  23.956  23.933
34.007  23.956  23.933
35.005  23.956  23.933
36.003  23.956  23.933
29.015  24.954  23.933
30.013  24.954  23.933
31.012  24.954  23.933
32.010  24.954  23.933
33.008  24.954  23.933
34.007  24.954  23.933
35.005  24.954  23.933
36.003  24.954  23.933
37.002  24.954  23.933
29.015  25.953  23.933
30.013  25.953  23.933
31.012  25.953  23.933
32.010  25.953  23.933
33.008  25.953  23.933
34.007  25.953  23.933
35.005  25.953  23.933
36.003  25.953  23.933
37.002  25.953  23.933
30.013  26.951  23.933
31.012  26.951  23.933
32.010  26.951  23.933
33.008  26.951  23.933
34.007  26.951  23.933
35.005  26.951  23.933
36.003  26.951  23.933
31.012  27.949  23.933
32.010  27.949  23.933
33.008  27.949  23.933
30.013  22.958  24.931
31.012  22.958  24.931
32.010  22.958  24.931
29.015  23.956  24.931
30.013  23.956  24.931
31.012  23.956  24.931
32.010  23.956  24.931
33.008  23.956  24.931
29.015  24.954  24.931
30.013  24.954  24.931
31.012  24.954  24.931
32.010  24.954  24.931
33.008  24.954  24.931
34.007  24.954  24.931
35.005  24.954  24.931
36.003  24.954  24.931
30.013  25.953  24.931
31.012  25.953  24.931
32.010  25.953  24.931
33.008  25.953  24.931
35.005  25.953  24.931
36.003  25.953  24.931
37.002  25.953  24.931
30.013  26.951  24.931
31.012  26.951  24.931
32.010  26.951  24.931
33.008  26.951  24.931
36.003  26.951  24.931
31.012  27.949  24.931
32.010  27.949  24.931
30.013  23.956  25.929
31.012  23.956  25.929
30.013  24.954  25.929
31.012  24.954  25.929
32.010  24.954  25.929
31.012  25.953  25.929
32.010  25.953  25.929
36.003  25.953  25.929
31.012  26.951  25.929
32.010  26.951  25.929
